camera_matrix:
- [744.840893541578, 0.0, 428.3375827072944]
- [0.0, 741.3261502652551, 289.59784253369025]
- [0.0, 0.0, 1.0]
dist_coeff:
- [0.8033667480243749, -5.309996647633713, 0.04390825947317712, 0.08936180694780528,
  15.34506702262156]
