camera_matrix:
- [792.3002811699068, 0.0, 269.39744569163935]
- [0.0, 737.1961126895187, 255.47003194289638]
- [0.0, 0.0, 1.0]
dist_coeff:
- [0.638047976773959, -25.329737996279253, -0.010788579609543637, -0.00237394453733189,
  268.79679101661645]
